0 0 0 0 0 0 0
0 0 0 0 0 0 0
0 0 0 0 0 0 0
0 0 0 0 0 0 0
0 0 0 0 0 0 0
0 0 0 0 0 0 0
0 0 0 0 0 0 0
0 0 0 0 0 0 0
0 0 0 0 0 0 0
0 0 0 0 0 0 0
0 0 0 0 0 0 0
0 0 0 0 0 0 0
0 0 0 0 0 0 0
0 0 0 0 0 0 0
0 0 0 0 0 0 0
0 0 0 0 0 0 0
0 0 0 0 0 0 0
0 0 0 0 0 0 0
0 0 0 0 0 0 0
0 0 0 0 0 0 0
0 0 0 0 0 0 0
0 0 0 0 0 0 0
0 0 0 0 0 0 0
0 0 0 0 0 0 0
0 0 0 0 0 0 0
0 0 0 0 0 0 0
0 0 0 0 0 0 0
0 0 0 0 0 0 0
0 0 0 0 0 0 0
0 0 0 0 0 0 0
0 0 0 0 0 0 0
0 0 0 0 0 0 0
0 0 0 0 0 0 0
0 0 0 0 0 0 0
0 0 0 0 0 0 0
0 0 0 0 0 0 0
0 0 0 0 0 0 0
0 0 0 0 0 0 0
0 0 0 0 0 0 0
0 0 0 0 0 0 0
0 0 0 0 0 0 0
0 0 0 0 0 0 0
0 0 0 0 0 0 0
0 0 0 0 0 0 0
0 0 0 0 0 0 0
0 0 0 0 0 0 0
0 0 0 0 0 0 0
0 0 0 0 0 0 0
0 0 0 0 0 0 0
0 0 0 0 0 0 0
0 0 0 0 0 0 0
0 0 0 0 0 0 0
0 0 0 0 0 0 0
0 0 0 0 0 0 0
0 0 0 0 0 0 0
0 0 0 0 0 0 0
0 0 0 0 0 0 0
0 0 0 0 0 0 0
0 0 0 0 0 0 0
0 0 0 0 0 0 0
0 0 0 0 0 0 0
0 0 0 0 0 0 0
0 0 0 0 0 0 0
0 0 0 0 0 0 0
0 0 0 0 0 0 0
0 0 0 0 0 0 0
0 0 0 0 0 0 0
0 0 0 0 0 0 0
0 0 0 0 0 0 0
0 0 0 0 0 0 0
0 0 0 0 0 0 0
0 0 0 0 0 0 0
0 0 0 0 0 0 0
72 3 1 78 3 1 0
0 0 37 2 1 0 0
0 0 0 0 0 0 0
0 0 0 0 0 0 0
0 0 0 0 0 0 0
0 0 0 0 1 0 0
0 0 3 6 5 0 0
0 0 0 0 0 0 0
0 0 2 0 0 0 0
0 0 1 1 0 0 0
0 0 1 0 0 0 0
0 0 0 0 0 0 0
0 0 0 0 0 0 0
0 0 0 0 0 0 0
0 0 0 0 0 0 0
0 0 0 0 0 0 0
0 0 0 0 0 0 0
0 0 0 0 0 0 0
0 0 2 0 2 0 0
0 0 4 1 1 0 0
0 0 0 0 0 0 0
0 0 0 0 0 0 0
0 0 0 0 0 0 0
0 0 0 0 0 0 0
0 0 2 0 2 0 0
0 0 4 1 1 0 0
0 0 2 0 1 0 0
0 0 1 0 0 0 0
0 0 0 0 1 0 0
0 0 1 0 0 0 0
0 0 0 0 0 0 0
0 0 1 0 1 0 0
0 0 0 0 0 0 0
0 0 2 0 1 0 0
0 0 3 0 2 0 0
0 0 0 0 0 0 0
0 0 1 0 0 0 0
0 0 4 0 1 0 0
0 0 4 0 0 0 0
0 0 13 0 1 0 0
0 0 9 0 1 0 0
0 0 20 0 31 0 0
0 0 2 0 2 0 5495
0 0 3 0 3 0 47844
0 0 0 0 0 0 51194
0 0 0 0 0 0 51096
0 0 0 0 0 0 48928
0 0 0 0 0 0 49798
0 0 0 0 0 0 49794
0 0 0 0 0 0 128144
0 0 0 0 0 0 0
0 0 0 0 0 0 30196
0 0 0 0 0 0 100770
0 0 0 0 0 0 99418
0 0 0 0 0 0 177876
0 0 0 0 0 0 30429
0 0 0 0 0 0 44150
0 0 0 0 0 0 49913
0 0 0 0 0 0 49720
0 0 0 0 0 0 101461
0 0 0 0 0 0 50196
0 0 0 0 0 0 250483
0 0 0 0 0 0 9846
0 0 0 0 0 0 0
0 0 0 0 0 0 0
0 0 27 0 0 0 89184
0 0 0 0 0 0 50675
0 0 0 0 0 0 99386
0 0 0 0 0 0 51853
0 0 0 0 0 0 49931
0 0 0 0 0 0 100176
0 0 0 0 0 0 48438
0 0 0 0 0 0 98465
0 0 0 0 0 0 112891
0 0 0 0 0 0 185225
0 0 0 0 0 0 53944
0 0 0 0 0 0 145777
0 0 0 0 0 0 100021
0 0 0 0 0 0 49653
0 0 0 0 0 0 98101
0 0 0 0 0 0 58951
0 0 0 0 0 0 34080
0 0 0 0 0 0 0
0 0 0 0 0 0 0
0 0 0 0 0 0 0
0 0 0 0 0 0 0
0 0 0 0 0 0 0
0 0 0 0 0 0 0
0 0 0 0 0 0 0
0 0 0 0 0 0 0
0 0 28 0 0 0 39936
0 0 0 0 0 0 153769
0 0 0 0 0 0 52016
0 0 0 0 0 0 67350
0 0 0 0 0 0 61411
0 0 0 0 0 0 22739
0 0 0 0 0 0 146990
0 0 0 0 0 0 51061
0 0 0 0 0 0 51148
0 0 0 0 0 0 52059
0 0 0 0 0 0 52465
0 0 0 0 0 0 52409
0 0 0 0 0 0 50534
0 0 0 0 0 0 50359
0 0 0 0 0 0 51024
0 0 0 0 0 0 51109
0 0 0 0 0 0 100871
0 0 0 0 0 0 50523
0 0 0 0 0 0 51162
0 0 0 0 0 0 51200
0 0 0 0 0 0 102101
0 0 0 0 0 0 51085
0 0 0 0 0 0 13430
0 0 0 0 0 0 0
72 1 67 68 40 0 1
0 0 0 0 0 0 0
0 0 0 0 0 0 0
0 0 0 0 0 0 0
0 0 0 0 0 0 0
0 0 0 0 0 0 0
0 0 0 0 0 0 0
0 0 0 0 0 0 0
0 0 0 0 0 0 0
0 0 0 0 0 0 0
0 0 3 0 3 0 0
0 0 0 0 0 0 0
0 0 0 0 0 0 0
0 0 0 0 0 0 0
0 0 0 0 0 0 0
0 0 0 0 0 0 0
0 0 0 0 0 0 0
0 0 0 0 0 0 0
0 0 2 0 3 0 0
0 0 1 0 0 0 0
0 0 0 0 0 0 0
0 0 0 0 0 0 0
0 0 0 0 0 0 0
0 0 0 0 0 0 0
0 0 0 0 0 0 0
0 0 1 0 3 0 0
0 0 2 0 0 0 0
0 0 0 0 0 0 0
0 0 3 0 0 0 0
0 0 0 0 0 0 0
0 0 1 0 1 0 0
0 0 2 0 2 0 0
0 0 0 0 0 0 0
0 0 0 0 0 0 0
0 0 0 0 0 0 0
0 0 2 0 1 0 0
0 0 3 0 2 0 0
0 0 6 0 0 0 0
0 0 6 0 0 0 0
0 0 10 0 3 0 0
0 0 24 1 16 0 0
0 0 13 2 2 0 35522
0 0 1 0 0 0 50719
0 0 0 0 0 0 52530
0 0 0 0 0 0 51387
0 0 0 0 0 0 50815
0 0 0 0 0 0 48328
0 0 0 0 0 0 51442
0 0 0 0 0 0 51260
0 0 0 0 0 0 53147
0 0 0 0 0 0 52379
0 0 0 0 0 0 52284
0 0 0 0 0 0 51695
0 0 0 0 0 0 49815
0 0 0 0 0 0 50408
0 0 0 0 0 0 50364
0 0 0 0 0 0 50779
0 0 0 0 0 0 49784
0 0 0 0 0 0 46980
0 0 0 0 0 0 50136
0 0 0 0 0 0 49172
0 0 0 0 0 0 52479
0 0 0 0 0 0 52962
0 0 0 0 0 0 54357
0 0 0 0 0 0 53740
0 0 0 0 0 0 53797
0 0 0 0 0 0 52654
0 0 0 0 0 0 51547
0 0 0 0 0 0 51330
0 0 0 0 0 0 4939
0 0 0 0 0 0 0
0 0 0 0 0 0 0
0 0 29 0 15 0 0
0 0 0 0 0 0 40710
0 0 0 0 0 0 55357
0 0 0 0 0 0 32324
0 0 0 0 0 0 74232
0 0 0 0 0 0 31960
0 0 0 0 0 0 52002
0 0 0 0 0 0 51589
0 0 0 0 0 0 51003
0 0 0 0 0 0 51028
0 0 0 0 0 0 50335
0 0 0 0 0 0 51321
0 0 0 0 0 0 51134
0 0 0 0 0 0 51308
0 0 0 0 0 0 49173
0 0 0 0 0 0 51982
0 0 0 0 0 0 78571
0 0 0 0 0 0 23023
0 0 0 0 0 0 59922
0 0 0 0 0 0 41441
0 0 0 0 0 0 49610
0 0 0 0 0 0 50652
0 0 0 0 0 0 117422
0 0 0 0 0 0 4
0 0 0 0 0 0 98561
0 0 0 0 0 0 36
0 0 0 0 0 0 39689
0 0 0 0 0 0 50451
0 0 0 0 0 0 51844
0 0 0 0 0 0 20067
0 0 0 0 0 0 0
0 0 0 0 0 0 0
0 0 0 0 0 0 0
0 0 0 0 0 0 0
0 0 0 0 0 0 0
0 0 0 0 0 0 0
0 0 28 0 0 0 34345
0 0 0 0 0 0 53753
0 0 0 0 0 0 114915
0 0 0 0 0 0 45753
0 0 0 0 0 0 52391
0 0 0 0 0 0 103025
0 0 0 0 0 0 62015
0 0 0 0 0 0 91735
0 0 0 0 0 0 104823
0 0 0 0 0 0 69458
0 0 0 0 0 0 32734
0 0 0 0 0 0 146851
0 0 0 0 0 0 47361
0 0 0 0 0 0 50896
0 0 0 0 0 0 49097
0 0 0 0 0 0 50670
0 0 0 0 0 0 112870
0 0 0 0 0 0 52683
0 0 0 0 0 0 43733
0 0 0 0 0 0 103044
0 0 0 0 0 0 4599
0 0 0 0 0 0 0
72 0 44 68 40 0 1
0 0 22 0 0 0 0
0 0 0 0 0 0 0
0 0 0 0 0 0 0
0 0 0 0 0 0 0
0 0 1 1 1 0 0
0 0 0 0 0 0 0
0 0 1 0 1 0 0
0 0 3 0 0 0 0
0 0 1 0 1 0 0
0 0 0 0 0 0 0
0 0 0 0 0 0 0
0 0 0 0 0 0 0
0 0 1 0 1 0 0
0 0 0 0 0 0 0
0 0 1 0 1 0 0
0 0 2 0 2 0 0
0 0 1 0 0 0 0
0 0 4 0 1 0 0
0 0 0 0 0 0 0
0 0 2 0 1 0 0
0 0 1 0 1 0 0
0 0 0 0 0 0 0
0 0 2 0 0 0 0
0 0 0 0 0 0 0
0 0 0 0 0 0 0
0 0 3 0 2 0 0
0 0 0 0 0 0 0
0 0 3 0 0 0 0
0 0 0 0 0 0 0
0 0 0 0 1 0 0
0 0 2 0 0 0 0
0 0 1 0 1 0 0
0 0 0 0 0 0 0
0 0 0 0 0 0 0
0 0 3 0 1 0 0
0 0 1 0 0 0 0
0 0 6 0 1 0 0
0 0 5 0 0 0 0
0 0 4 0 3 0 0
0 0 15 0 6 0 0
0 0 20 0 26 0 218078
0 0 0 0 0 0 94501
0 0 0 0 0 0 146359
0 0 0 0 0 0 45949
0 0 0 0 0 0 43512
0 0 0 0 0 0 44721
0 0 0 0 0 0 97896
0 0 0 0 0 0 50610
0 0 0 0 0 0 150731
0 0 0 0 0 0 146185
0 0 0 0 0 0 47949
0 0 0 0 0 0 97289
0 0 0 0 0 0 47051
0 0 0 0 0 0 142985
0 0 0 0 0 0 47552
0 0 27 0 0 0 45650
0 0 0 0 0 0 49852
0 0 0 0 0 0 50110
0 0 0 0 0 0 51108
0 0 0 0 0 0 50661
0 0 0 0 0 0 93889
0 0 0 0 0 0 291586
0 0 0 0 0 0 51559
0 0 0 0 0 0 52009
0 0 0 0 0 0 51468
0 0 0 0 0 0 102251
0 0 0 0 0 0 52556
0 0 0 0 0 0 107433
0 0 0 0 0 0 153392
0 0 0 0 0 0 152755
0 0 0 0 0 0 43705
0 0 0 0 0 0 32150
0 0 0 0 0 0 0
0 0 0 0 0 0 0
0 0 28 0 0 0 29227
0 0 0 0 0 0 48169
0 0 0 0 0 0 48583
0 0 0 0 0 0 69831
0 0 0 0 0 0 30216
0 0 0 0 0 0 65184
0 0 0 0 0 0 32936
0 0 0 0 0 0 49386
0 0 0 0 0 0 50008
0 0 0 0 0 0 57222
0 0 0 0 0 0 42013
0 0 0 0 0 0 44354
0 0 0 0 0 0 48655
0 0 0 0 0 0 47884
0 0 0 0 0 0 47741
0 0 0 0 0 0 48344
0 0 0 0 0 0 47123
0 0 0 0 0 0 47992
0 0 0 0 0 0 48476
0 0 0 0 0 0 48033
0 0 0 0 0 0 48326
0 0 0 0 0 0 48257
0 0 0 0 0 0 48514
0 0 0 0 0 0 49296
0 0 0 0 0 0 49062
0 0 0 0 0 0 47344
0 0 0 0 0 0 49363
0 0 0 0 0 0 49160
0 0 0 0 0 0 49261
0 0 0 0 0 0 36791
0 0 0 0 0 0 0
0 0 0 0 0 0 0
0 0 0 0 0 0 0
0 0 0 0 0 0 0
0 0 0 0 0 0 0
0 0 0 0 0 0 0
0 0 0 0 0 0 0
0 0 0 0 0 0 0
72 0 70 68 40 0 1
0 0 0 0 0 0 0
0 0 2 0 0 0 0
0 0 3 0 0 0 0
0 0 0 0 0 0 0
0 0 0 0 0 0 0
0 0 0 0 1 0 0
0 0 1 0 0 0 0
0 0 1 0 1 0 0
0 0 1 0 1 0 0
0 0 0 0 1 0 0
0 0 1 0 0 0 0
0 0 1 0 1 0 0
0 0 2 0 1 0 0
0 0 1 0 1 0 0
0 0 0 0 0 0 0
0 0 1 0 1 0 0
0 0 5 1 2 0 0
0 0 0 0 0 0 0
0 0 1 0 0 0 0
0 0 1 0 1 0 0
0 0 0 0 0 0 0
0 0 1 0 1 0 0
0 0 1 0 1 0 0
0 0 0 0 0 0 0
0 0 1 0 1 0 0
0 0 0 0 0 0 0
0 0 0 0 0 0 0
0 0 0 0 0 0 0
0 0 0 0 0 0 0
0 0 2 0 1 0 0
0 0 3 1 1 0 0
0 0 5 0 1 0 0
0 0 4 0 0 0 0
0 0 6 0 0 0 0
0 0 13 0 0 0 0
0 0 17 0 8 0 0
0 0 2 0 2 0 241316
0 0 0 0 0 0 51432
0 0 0 0 0 0 51479
0 0 0 0 0 0 155780
0 0 0 0 0 0 156524
0 0 0 0 0 0 55293
0 0 0 0 0 0 57293
0 0 0 0 0 0 98615
0 0 0 0 0 0 42553
0 0 0 0 0 0 72285
0 0 0 0 0 0 197246
0 0 0 0 0 0 234453
0 0 0 0 0 0 12482
0 0 0 0 0 0 0
0 0 0 0 0 0 0
0 0 27 0 0 0 26326
0 0 0 0 0 0 49557
0 0 0 0 0 0 48180
0 0 0 0 0 0 50555
0 0 0 0 0 0 93444
0 0 0 0 0 0 9878
0 0 0 0 0 0 74846
0 0 0 0 0 0 87833
0 0 0 0 0 0 1
0 0 0 0 0 0 38129
0 0 0 0 0 0 51280
0 0 0 0 0 0 55988
0 0 0 0 0 0 46649
0 0 0 0 0 0 53641
0 0 0 0 0 0 56230
0 0 0 0 0 0 45454
0 0 0 0 0 0 48048
0 0 0 0 0 0 50204
0 0 0 0 0 0 49516
0 0 0 0 0 0 51633
0 0 0 0 0 0 50078
0 0 0 0 0 0 48528
0 0 0 0 0 0 42994
0 0 0 0 0 0 47246
0 0 0 0 0 0 50798
0 0 0 0 0 0 48763
0 0 0 0 0 0 46150
0 0 0 0 0 0 43726
0 0 0 0 0 0 42457
0 0 0 0 0 0 18619
0 0 0 0 0 0 0
0 0 0 0 0 0 0
0 0 0 0 0 0 0
0 0 0 0 0 0 0
0 0 0 0 0 0 0
0 0 0 0 0 0 0
0 0 0 0 0 0 0
0 0 0 0 0 0 0
0 0 28 0 0 0 0
0 0 0 0 0 0 0
0 0 0 0 0 0 0
0 0 0 0 0 0 0
0 0 0 0 0 0 0
0 0 5 0 24 0 1894
0 0 0 0 0 0 107088
0 0 0 0 0 0 51922
0 0 0 0 0 0 104747
0 0 0 0 0 0 102622
0 0 0 0 0 0 50101
0 0 0 0 0 0 51524
0 0 0 0 0 0 148999
0 0 0 0 0 0 75695
0 0 0 0 0 0 81182
0 0 0 0 0 0 51669
0 0 0 0 0 0 105932
0 0 0 0 0 0 49323
0 0 0 0 0 0 98429
0 0 0 0 0 0 8836
0 0 0 0 0 0 92767
0 0 0 0 0 0 44432
0 0 0 0 0 0 47674
0 0 0 0 0 0 51664
0 0 0 0 0 0 49788
0 0 0 0 0 0 50463
0 0 0 0 0 0 0
72 0 33 68 40 0 1
0 0 40 0 0 0 0
0 0 3 0 0 0 0
0 0 0 0 0 0 0
0 0 0 0 0 0 0
0 0 0 0 0 0 0
0 0 0 0 0 0 0
0 0 0 0 0 0 0
0 0 0 0 0 0 0
0 0 0 0 0 0 0
0 0 3 0 3 0 0
0 0 0 0 0 0 0
0 0 0 0 0 0 0
0 0 0 0 0 0 0
0 0 0 0 0 0 0
0 0 0 0 0 0 0
0 0 0 0 0 0 0
0 0 0 0 0 0 0
0 0 0 0 0 0 0
0 0 1 0 2 0 0
0 0 3 0 1 0 0
0 0 0 0 0 0 0
0 0 0 0 0 0 0
0 0 0 0 0 0 0
0 0 0 0 0 0 0
0 0 0 0 0 0 0
0 0 0 0 0 0 0
0 0 2 0 3 0 0
0 0 2 0 0 0 0
0 0 0 0 0 0 0
0 0 0 0 0 0 0
0 0 0 0 0 0 0
0 0 1 0 1 0 0
0 0 1 0 1 0 0
0 0 2 0 1 0 0
0 0 1 0 0 0 0
0 0 4 0 0 0 0
0 0 1 0 1 0 0
0 0 7 0 2 0 0
0 0 6 0 0 0 0
0 0 5 0 1 0 0
0 0 27 0 31 0 0
0 0 7 0 4 0 35795
0 0 0 0 0 0 52485
0 0 0 0 0 0 52887
0 0 0 0 0 0 52533
0 0 0 0 0 0 51624
0 0 0 0 0 0 51224
0 0 0 0 0 0 50236
0 0 0 0 0 0 48508
0 0 0 0 0 0 48192
0 0 0 0 0 0 44183
0 0 0 0 0 0 47845
0 0 0 0 0 0 47511
0 0 0 0 0 0 49565
0 0 0 0 0 0 48462
0 0 0 0 0 0 46649
0 0 0 0 0 0 47125
0 0 0 0 0 0 48338
0 0 0 0 0 0 49617
0 0 0 0 0 0 49402
0 0 0 0 0 0 49770
0 0 0 0 0 0 50752
0 0 0 0 0 0 53422
0 0 0 0 0 0 51240
0 0 0 0 0 0 47449
0 0 0 0 0 0 47960
0 0 0 0 0 0 45126
0 0 0 0 0 0 49622
0 0 0 0 0 0 50112
0 0 0 0 0 0 48081
0 0 0 0 0 0 11036
0 0 0 0 0 0 0
0 0 0 0 0 0 0
0 0 27 0 0 0 43107
0 0 0 0 0 0 48811
0 0 0 0 0 0 99502
0 0 0 0 0 0 48357
0 0 0 0 0 0 48806
0 0 0 0 0 0 47039
0 0 0 0 0 0 101972
0 0 0 0 0 0 99457
0 0 0 0 0 0 52268
0 0 0 0 0 0 145039
0 0 0 0 0 0 49342
0 0 0 0 0 0 105076
0 0 0 0 0 0 97766
0 0 0 0 0 0 48404
0 0 0 0 0 0 95733
0 0 0 0 0 0 55189
0 0 0 0 0 0 42745
0 0 0 0 0 0 52942
0 0 0 0 0 0 49504
0 0 0 0 0 0 47740
0 0 0 0 0 0 47952
0 0 0 0 0 0 0
0 0 28 0 0 0 10657
0 0 0 0 0 0 48823
0 0 0 0 0 0 51456
0 0 0 0 0 0 48781
0 0 0 0 0 0 52911
0 0 0 0 0 0 48287
0 0 0 0 0 0 50232
0 0 0 0 0 0 48764
0 0 0 0 0 0 50066
0 0 0 0 0 0 47231
0 0 0 0 0 0 51231
0 0 0 0 0 0 54581
0 0 0 0 0 0 46118
0 0 0 0 0 0 50030
0 0 0 0 0 0 48411
0 0 0 0 0 0 51225
0 0 0 0 0 0 51827
0 0 0 0 0 0 59197
0 0 0 0 0 0 51821
0 0 0 0 0 0 48507
0 0 0 0 0 0 50689
0 0 0 0 0 0 49470
0 0 0 0 0 0 48259
0 0 0 0 0 0 50735
0 0 0 0 0 0 50284
0 0 0 0 0 0 47325
0 0 0 0 0 0 58518
0 0 0 0 0 0 43013
0 0 0 0 0 0 52003
0 0 0 0 0 0 6299
0 0 0 0 0 0 0
72 0 82 68 40 0 1
0 0 0 0 0 0 0
0 0 0 0 0 0 0
0 0 0 0 0 0 0
0 0 2 0 3 0 0
0 0 1 0 0 0 11240
0 0 1 0 1 0 9053
0 0 0 0 0 0 11377
0 0 1 0 2 0 7884
0 0 1 0 0 0 14982
0 0 0 0 0 0 12627
0 0 0 0 0 0 10682
0 0 1 0 2 0 8662
0 0 1 0 0 0 16183
0 0 0 0 0 0 12302
0 0 1 0 1 0 12225
0 0 1 0 1 0 10158
0 0 1 0 0 0 11336
0 0 2 0 1 0 9943
0 0 6 0 1 0 8708
0 0 11 0 1 0 25543
0 0 11 0 7 0 48337
0 0 8 0 0 0 48450
0 0 0 0 0 0 49325
0 0 0 0 0 0 64995
0 0 0 0 0 0 44012
0 0 0 0 0 0 49491
0 0 0 0 0 0 54520
0 0 0 0 0 0 47818
0 0 0 0 0 0 48697
0 0 0 0 0 0 50512
0 0 0 0 0 0 51411
0 0 0 0 0 0 49466
0 0 0 0 0 0 48291
0 0 0 0 0 0 50569
0 0 0 0 0 0 49440
0 0 0 0 0 0 49538
0 0 0 0 0 0 50953
0 0 0 0 0 0 51276
0 0 0 0 0 0 52347
0 0 0 0 0 0 54037
0 0 0 0 0 0 55029
0 0 0 0 0 0 45988
0 0 0 0 0 0 49663
0 0 0 0 0 0 49435
0 0 0 0 0 0 20246
0 0 0 0 0 0 0
0 0 29 0 0 0 0
0 0 0 0 0 0 0
0 0 1 0 1 0 0
0 0 0 0 0 0 0
0 0 0 0 0 0 0
0 0 1 0 1 0 0
0 0 0 0 0 0 0
0 0 0 0 0 0 0
0 0 1 0 1 0 0
0 0 0 0 0 0 0
0 0 0 0 0 0 0
0 0 1 0 1 0 0
0 0 0 0 0 0 0
0 0 0 0 0 0 0
0 0 1 0 1 0 0
0 0 0 0 0 0 0
0 0 1 0 1 0 0
0 0 2 0 1 0 0
0 0 15 0 1 0 0
0 0 8 0 8 0 34579
0 0 0 0 0 0 56506
0 0 0 0 0 0 57056
