0 0 0 0 0 0 0
0 0 0 0 0 0 0
0 0 0 0 0 0 0
0 0 0 0 0 0 0
0 0 0 0 0 0 0
0 0 0 0 0 0 0
0 0 0 0 0 0 0
0 0 0 0 0 0 0
0 0 0 0 0 0 0
0 0 0 0 0 0 0
0 0 0 0 0 0 0
0 0 0 0 0 0 0
0 0 0 0 0 0 0
0 0 0 0 0 0 0
0 0 0 0 0 0 0
0 0 0 0 0 0 0
0 0 0 0 0 0 0
0 0 0 0 0 0 0
0 0 0 0 0 0 0
0 0 0 0 0 0 0
0 0 0 0 0 0 0
0 0 0 0 0 0 0
0 0 0 0 0 0 0
0 0 0 0 0 0 0
0 0 0 0 0 0 0
0 0 0 0 0 0 0
0 0 0 0 0 0 0
0 0 0 0 0 0 0
0 0 0 0 0 0 0
0 0 0 0 0 0 0
0 0 0 0 0 0 0
0 0 0 0 0 0 0
0 0 0 0 0 0 0
0 0 0 0 0 0 0
0 0 0 0 0 0 0
0 0 0 0 0 0 0
0 0 0 0 0 0 0
0 0 0 0 0 0 0
0 0 0 0 0 0 0
0 0 0 0 0 0 0
0 0 0 0 0 0 0
0 0 0 0 0 0 0
0 0 0 0 0 0 0
0 0 0 0 0 0 0
0 0 0 0 0 0 0
0 0 0 0 0 0 0
0 0 0 0 0 0 0
0 0 0 0 0 0 0
0 0 0 0 0 0 0
0 0 0 0 0 0 0
0 0 0 0 0 0 0
0 0 0 0 0 0 0
0 0 0 0 0 0 0
0 0 0 0 0 0 0
0 0 0 0 0 0 0
0 0 0 0 0 0 0
0 0 0 0 0 0 0
0 0 0 0 0 0 0
0 0 0 0 0 0 0
0 0 0 0 0 0 0
0 0 0 0 0 0 0
0 0 0 0 0 0 0
0 0 0 0 0 0 0
0 0 0 0 0 0 0
0 0 0 0 0 0 0
0 0 0 0 0 0 0
0 0 0 0 0 0 0
0 0 0 0 0 0 0
0 0 0 0 0 0 0
0 0 0 0 0 0 0
0 0 0 0 0 0 0
0 0 0 0 0 0 0
0 0 0 0 0 0 0
0 0 0 0 0 0 0
0 0 0 0 0 0 0
0 0 0 0 0 0 0
0 0 0 0 0 0 0
0 0 0 0 0 0 0
0 0 0 0 0 0 0
0 0 0 0 0 0 0
0 0 0 0 0 0 0
0 0 0 0 0 0 0
0 0 0 0 0 0 0
0 0 0 0 0 0 0
0 0 0 0 0 0 0
0 0 0 0 0 0 0
0 0 0 0 0 0 0
0 0 0 0 0 0 0
0 0 0 0 0 0 0
0 0 0 0 0 0 0
0 0 0 0 0 0 0
0 0 0 0 0 0 0
0 0 0 0 0 0 0
0 0 0 0 0 0 0
0 0 0 0 0 0 0
72 3 1 77 1 1 0
0 0 0 0 0 0 0
0 0 37 3 6 0 0
0 0 0 0 0 0 0
0 0 0 0 0 0 0
0 0 0 0 0 0 0
0 0 0 0 0 0 0
0 0 0 0 0 0 0
0 0 0 0 0 0 0
0 0 0 0 0 0 0
0 0 0 0 0 0 0
0 0 0 0 0 0 0
0 0 0 0 0 0 0
0 0 0 0 0 0 0
0 0 0 0 0 0 0
0 0 0 0 0 0 0
0 0 0 0 0 0 0
0 0 0 0 0 0 0
0 0 0 0 0 0 0
0 0 0 0 0 0 0
0 0 0 0 0 0 0
0 0 0 0 0 0 0
0 0 0 0 0 0 0
0 0 0 0 0 0 0
0 0 0 0 0 0 0
0 0 0 0 0 0 0
0 0 0 0 0 0 0
0 0 1 0 0 0 0
0 0 6 0 0 0 0
0 0 37 1 32 0 0
0 0 2 0 1 0 0
0 0 0 0 0 0 0
0 0 3 0 3 0 0
0 0 0 0 0 0 0
0 0 2 1 3 0 0
0 0 1 0 1 0 0
0 0 2 0 2 0 0
0 0 1 0 1 0 0
0 0 2 0 2 0 0
0 0 1 0 2 0 0
0 0 3 0 2 0 0
0 0 2 0 2 0 0
0 0 3 2 3 0 0
0 0 6 5 1 0 937
0 0 5 0 0 0 15641
0 0 3 0 0 0 50796
0 0 0 0 0 0 57428
0 0 0 0 0 0 57003
0 0 0 0 0 0 112317
0 0 0 0 0 0 112938
0 0 0 0 0 0 56522
0 0 0 0 0 0 56231
0 0 0 0 0 0 56029
0 0 0 0 0 0 55481
0 0 0 0 0 0 171504
0 0 0 0 0 0 57157
0 0 0 0 0 0 112486
0 0 0 0 0 0 56348
0 0 0 0 0 0 334412
0 0 0 0 0 0 56532
0 0 0 0 0 0 6989
0 0 0 0 0 0 0
0 0 33 0 0 0 72610
0 0 0 0 0 0 113781
0 0 0 0 0 0 113078
0 0 0 0 0 0 56261
0 0 0 0 0 0 112585
0 0 0 0 0 0 56820
0 0 0 0 0 0 57120
0 0 0 0 0 0 55595
0 0 0 0 0 0 55968
0 0 0 0 0 0 166465
0 0 0 0 0 0 56080
0 0 0 0 0 0 56737
0 0 0 0 0 0 56877
0 0 0 0 0 0 111187
0 0 0 0 0 0 169148
0 0 0 0 0 0 52264
0 0 0 0 0 0 54470
0 0 0 0 0 0 9705
0 0 0 0 0 0 0
0 0 34 0 0 0 116561
0 0 0 0 0 0 55536
0 0 0 0 0 0 57303
0 0 0 0 0 0 57333
0 0 0 0 0 0 55720
0 0 0 0 0 0 55923
0 0 0 0 0 0 55485
0 0 0 0 0 0 55252
0 0 0 0 0 0 57051
0 0 0 0 0 0 113571
0 0 0 0 0 0 113435
0 0 0 0 0 0 57194
0 0 0 0 0 0 56954
0 0 0 0 0 0 170524
0 0 0 0 0 0 54438
0 0 0 0 0 0 112915
0 0 0 0 0 0 55687
0 0 0 0 0 0 58293
0 0 0 0 0 0 58422
0 0 0 0 0 0 9154
0 0 0 0 0 0 0
72 1 88 68 40 0 1
0 0 0 0 0 0 0
0 0 2 0 0 0 0
0 0 1 0 0 0 0
0 0 0 0 0 0 0
0 0 0 0 0 0 0
0 0 1 0 1 0 0
0 0 0 0 0 0 0
0 0 2 0 0 0 0
0 0 0 0 0 0 0
0 0 1 0 1 0 0
0 0 14 0 0 0 0
0 0 3 0 2 0 0
0 0 1 0 1 0 0
0 0 2 0 2 0 0
0 0 2 0 1 0 0
0 0 1 0 1 0 0
0 0 1 0 2 0 0
0 0 3 0 2 0 0
0 0 1 0 1 0 0
0 0 2 0 2 0 0
0 0 4 1 1 0 0
0 0 1 0 1 0 0
0 0 2 1 2 0 0
0 0 2 0 1 0 2110
0 0 5 0 2 0 175421
0 0 0 0 0 0 56577
0 0 0 0 0 0 55203
0 0 0 0 0 0 114727
0 0 0 0 0 0 56320
0 0 0 0 0 0 379358
0 0 0 0 0 0 55996
0 0 0 0 0 0 336584
0 0 0 0 0 0 169732
0 0 0 0 0 0 24723
0 0 0 0 0 0 0
0 0 27 0 0 0 0
0 0 0 0 0 0 0
0 0 0 0 0 0 0
0 0 0 0 0 0 0
0 0 0 0 0 0 0
0 0 0 0 0 0 0
0 0 0 0 0 0 0
0 0 0 0 0 0 0
0 0 0 0 0 0 0
0 0 0 0 0 0 0
0 0 15 0 0 0 32286
0 0 0 0 0 0 56577
0 0 0 0 0 0 56900
0 0 0 0 0 0 92478
0 0 0 0 0 0 55604
0 0 0 0 0 0 226131
0 0 0 0 0 0 113898
0 0 0 0 0 0 57367
0 0 0 0 0 0 57364
0 0 0 0 0 0 57072
0 0 0 0 0 0 224857
0 0 0 0 0 0 57053
0 0 0 0 0 0 51055
0 0 0 0 0 0 166827
0 0 0 0 0 0 112805
0 0 0 0 0 0 8477
0 0 0 0 0 0 0
0 0 0 0 0 0 0
0 0 1 0 0 0 0
0 0 27 0 0 0 0
0 0 0 0 0 0 0
0 0 0 0 0 0 0
0 0 0 0 0 0 0
0 0 5 0 0 0 153344
0 0 0 0 0 0 55099
0 0 0 0 0 0 169384
0 0 0 0 0 0 226587
0 0 0 0 0 0 505793
0 0 0 0 0 0 57907
0 0 0 0 0 0 169492
0 0 0 0 0 0 89145
0 0 0 0 0 0 0
0 0 28 0 0 0 0
0 0 0 0 0 0 0
0 0 0 0 0 0 0
0 0 0 0 0 0 0
72 0 20 68 68 0 1
0 0 45 0 0 0 0
0 0 2 0 0 0 0
0 0 1 0 0 0 0
0 0 0 0 0 0 0
0 0 0 0 0 0 0
0 0 1 0 1 0 0
0 0 0 0 0 0 0
0 0 2 0 0 0 0
0 0 0 0 0 0 0
0 0 1 0 1 0 0
0 0 15 0 0 0 0
0 0 5 0 2 0 0
0 0 0 0 0 0 0
0 0 2 0 2 0 0
0 0 2 0 2 0 0
0 0 2 0 1 0 0
0 0 0 0 0 0 0
0 0 2 0 2 0 0
0 0 2 0 2 0 0
0 0 1 0 1 0 0
0 0 3 0 2 0 0
0 0 3 0 1 0 0
0 0 1 0 1 0 0
0 0 0 0 1 0 0
0 0 3 1 2 0 0
0 0 6 1 2 0 36936
0 0 0 0 0 0 166077
0 0 0 0 0 0 167316
0 0 0 0 0 0 55385
0 0 0 0 0 0 55989
0 0 0 0 0 0 110655
0 0 0 0 0 0 56170
0 0 0 0 0 0 56523
0 0 0 0 0 0 55578
0 0 0 0 0 0 110856
0 0 0 0 0 0 57153
0 0 0 0 0 0 56862
0 0 0 0 0 0 55861
0 0 0 0 0 0 56086
0 0 0 0 0 0 56219
0 0 0 0 0 0 41094
0 0 0 0 0 0 111102
0 0 0 0 0 0 55770
0 0 0 0 0 0 55208
0 0 0 0 0 0 9911
0 0 0 0 0 0 0
0 0 0 0 0 0 0
0 0 11 0 0 0 0
0 0 16 0 0 0 0
0 0 0 0 0 0 0
0 0 0 0 0 0 0
0 0 0 0 0 0 0
0 0 0 0 0 0 0
0 0 0 0 0 0 0
0 0 0 0 0 0 0
0 0 0 0 0 0 0
0 0 0 0 0 0 0
0 0 14 0 0 0 77394
0 0 0 0 0 0 58383
0 0 0 0 0 0 55740
0 0 0 0 0 0 54633
0 0 0 0 0 0 54868
0 0 0 0 0 0 108746
0 0 0 0 0 0 56315
0 0 0 0 0 0 112642
0 0 0 0 0 0 54774
0 0 0 0 0 0 162584
0 0 0 0 0 0 112684
0 0 0 0 0 0 57008
0 0 0 0 0 0 167853
0 0 0 0 0 0 57561
0 0 0 0 0 0 57411
0 0 0 0 0 0 57024
0 0 0 0 0 0 54041
0 0 0 0 0 0 55167
0 0 0 0 0 0 11923
0 0 0 0 0 0 0
0 0 0 0 0 0 0
0 0 0 0 0 0 0
0 0 0 0 0 0 0
0 0 0 0 0 0 0
0 0 28 0 0 0 0
0 0 0 0 0 0 0
0 0 0 0 0 0 0
0 0 0 0 0 0 0
0 0 8 0 0 0 43173
0 0 0 0 0 0 55614
0 0 0 0 0 0 54500
0 0 0 0 0 0 54090
0 0 0 0 0 0 54450
0 0 0 0 0 0 54168
0 0 0 0 0 0 162579
0 0 0 0 0 0 161500
0 0 0 0 0 0 113251
0 0 0 0 0 0 56278
0 0 0 0 0 0 275591
0 0 0 0 0 0 54530
0 0 0 0 0 0 215781
0 0 0 0 0 0 71246
0 0 0 0 0 0 0
0 0 28 0 0 0 0
0 0 0 0 0 0 0
0 0 0 0 0 0 0
0 0 0 0 0 0 0
72 0 20 68 68 0 1
0 0 45 0 0 0 0
0 0 2 0 0 0 0
0 0 1 0 0 0 0
0 0 0 0 0 0 0
0 0 0 0 0 0 0
0 0 0 0 0 0 0
0 0 1 0 1 0 0
0 0 0 0 0 0 0
0 0 2 0 0 0 0
0 0 0 0 1 0 0
0 0 10 0 0 0 0
0 0 8 0 1 0 0
0 0 1 0 1 0 0
0 0 2 0 2 0 0
0 0 3 0 2 0 0
0 0 1 0 1 0 0
0 0 1 0 1 0 0
0 0 2 0 2 0 0
0 0 1 0 1 0 0
0 0 1 0 2 0 0
0 0 4 0 2 0 0
0 0 2 0 0 0 0
0 0 1 0 1 0 0
0 0 2 0 2 0 0
0 0 6 0 3 0 22904
0 0 1 0 0 0 107813
0 0 0 0 0 0 168872
0 0 0 0 0 0 112070
0 0 0 0 0 0 169192
0 0 0 0 0 0 113450
0 0 0 0 0 0 112841
0 0 0 0 0 0 56627
0 0 0 0 0 0 56713
0 0 0 0 0 0 55970
0 0 0 0 0 0 55439
0 0 0 0 0 0 54262
0 0 0 0 0 0 54356
0 0 0 0 0 0 55770
0 0 0 0 0 0 110077
0 0 0 0 0 0 114084
0 0 0 0 0 0 6311
0 0 0 0 0 0 0
0 0 27 0 0 0 0
0 0 0 0 0 0 0
0 0 0 0 0 0 0
0 0 0 0 0 0 0
0 0 0 0 0 0 0
0 0 0 0 0 0 0
0 0 0 0 0 0 0
0 0 0 0 0 0 0
0 0 0 0 0 0 0
0 0 3 0 0 0 0
0 0 9 0 0 0 102162
0 0 0 0 0 0 58676
0 0 0 0 0 0 226591
0 0 0 0 0 0 111387
0 0 0 0 0 0 55289
0 0 0 0 0 0 56429
0 0 0 0 0 0 112765
0 0 0 0 0 0 56403
0 0 0 0 0 0 109514
0 0 0 0 0 0 54874
0 0 0 0 0 0 55527
0 0 0 0 0 0 166630
0 0 0 0 0 0 53816
0 0 0 0 0 0 111141
0 0 0 0 0 0 95547
0 0 0 0 0 0 0
0 0 3 0 0 0 0
0 0 25 0 0 0 0
0 0 0 0 0 0 0
0 0 0 0 0 0 0
0 0 7 0 0 0 0
0 0 0 0 0 0 51253
0 0 0 0 0 0 53329
0 0 0 0 0 0 167958
0 0 0 0 0 0 56028
0 0 0 0 0 0 111339
0 0 0 0 0 0 112416
0 0 0 0 0 0 56249
0 0 0 0 0 0 56676
0 0 0 0 0 0 110940
0 0 0 0 0 0 56787
0 0 0 0 0 0 55161
0 0 0 0 0 0 113313
0 0 0 0 0 0 56820
0 0 0 0 0 0 56542
0 0 0 0 0 0 56397
0 0 0 0 0 0 113139
0 0 0 0 0 0 57194
0 0 0 0 0 0 85210
0 0 0 0 0 0 0
0 0 28 0 0 0 0
0 0 0 0 0 0 0
0 0 0 0 0 0 0
0 0 0 0 0 0 0
72 0 19 68 68 0 1
0 0 34 0 0 0 0
0 0 0 0 0 0 0
0 0 0 0 0 0 0
0 0 2 0 0 0 0
0 0 0 0 0 0 0
0 0 0 0 0 0 0
0 0 1 0 0 0 0
0 0 0 0 0 0 0
0 0 0 0 0 0 0
0 0 0 0 0 0 0
0 0 0 0 0 0 0
0 0 0 0 0 0 0
0 0 1 0 1 0 0
0 0 0 0 0 0 0
0 0 0 0 0 0 0
0 0 0 0 0 0 0
0 0 2 0 0 0 0
0 0 0 0 0 0 0
0 0 0 0 0 0 0
0 0 0 0 0 0 0
0 0 0 0 1 0 0
0 0 8 0 0 0 0
0 0 24 0 1 0 0
0 0 1 0 1 0 0
0 0 2 0 2 0 0
0 0 1 0 1 0 0
0 0 2 0 2 0 0
0 0 1 0 1 0 0
0 0 2 0 1 0 0
0 0 2 0 2 0 0
0 0 1 0 1 0 0
0 0 3 0 2 0 0
0 0 3 0 1 0 0
0 0 1 0 1 0 0
0 0 1 0 1 0 0
0 0 3 1 2 0 0
0 0 2 0 2 0 15698
0 0 3 0 0 0 48196
0 0 0 0 0 0 55671
0 0 0 0 0 0 51666
0 0 0 0 0 0 110294
0 0 0 0 0 0 54652
0 0 0 0 0 0 54571
0 0 0 0 0 0 30737
0 0 0 0 0 0 111331
0 0 0 0 0 0 53594
0 0 0 0 0 0 53200
0 0 0 0 0 0 159546
0 0 0 0 0 0 52195
0 0 0 0 0 0 50635
0 0 0 0 0 0 53095
0 0 0 0 0 0 106362
0 0 0 0 0 0 158406
0 0 0 0 0 0 52449
0 0 0 0 0 0 52596
0 0 0 0 0 0 53306
0 0 0 0 0 0 48551
0 0 0 0 0 0 0
0 0 33 0 0 0 11877
0 0 0 0 0 0 213867
0 0 0 0 0 0 52963
0 0 0 0 0 0 105946
0 0 0 0 0 0 54310
0 0 0 0 0 0 55756
0 0 0 0 0 0 52675
0 0 0 0 0 0 53107
0 0 0 0 0 0 51174
0 0 0 0 0 0 51778
0 0 0 0 0 0 214563
0 0 0 0 0 0 315975
0 0 0 0 0 0 52742
0 0 0 0 0 0 104358
0 0 0 0 0 0 35660
0 0 0 0 0 0 0
0 0 0 0 0 0 0
0 0 28 0 0 0 0
0 0 0 0 0 0 0
0 0 0 0 0 0 0
0 0 0 0 0 0 0
0 0 8 0 0 0 108981
0 0 0 0 0 0 104220
0 0 0 0 0 0 54403
0 0 0 0 0 0 49908
0 0 0 0 0 0 210021
0 0 0 0 0 0 105938
0 0 0 0 0 0 53878
0 0 0 0 0 0 52712
0 0 0 0 0 0 104866
0 0 0 0 0 0 54779
0 0 0 0 0 0 105968
0 0 0 0 0 0 51754
0 0 0 0 0 0 106305
0 0 0 0 0 0 54305
0 0 0 0 0 0 104752
0 0 0 0 0 0 103961
0 0 0 0 0 0 0
0 0 0 0 0 0 0
0 0 28 0 0 0 0
0 0 0 0 0 0 0
0 0 0 0 0 0 0
0 0 0 0 0 0 0
72 0 66 68 68 0 1
0 0 1 0 0 0 0
0 0 2 0 0 0 0
0 0 1 0 0 0 0
0 0 0 0 0 0 0
0 0 0 0 0 0 0
0 0 0 0 0 0 0
0 0 1 0 1 0 0
0 0 0 0 0 0 0
0 0 2 0 0 0 0
0 0 0 0 0 0 0
0 0 1 0 1 0 0
0 0 17 0 1 0 0
0 0 2 0 1 0 0
0 0 2 0 2 0 0
0 0 1 0 1 0 0
0 0 2 0 2 0 0
0 0 1 0 0 0 0
0 0 2 0 2 0 0
0 0 2 0 2 0 0
0 0 0 0 0 0 0
0 0 0 0 0 0 0
0 0 0 0 0 0 0
0 0 0 0 0 0 0
0 0 0 0 0 0 0
0 0 0 0 0 0 0
0 0 0 0 0 0 0
0 0 0 0 0 0 0
0 0 0 0 0 0 0
0 0 0 0 0 0 0
0 0 0 0 0 0 0
0 0 0 0 0 0 0
0 0 0 0 0 0 0
0 0 0 0 0 0 0
time_start=1603911295
mmap=0
